WC-SSE=476206.10475032346
Centroid1=[56.652173913043455, 134.28260869565216, 331.41304347826093, 151.99999999999997, 1.15, 0.8043478260869563]
Centroid2=[52.29516666428572, 129.2, 204.71428571428584, 152.2285714285714, 1.0114285714285713, 0.5357142857142854]
Centroid3=[55.834586888888886, 133.47863247863248, 262.5042735042736, 145.6324786324787, 1.0299145299145294, 0.7692307692307698]
