WC-SSE=476206.1047503235
Centroid1=[56.65217391304346, 134.28260869565216, 331.41304347826093, 152.0, 1.15, 0.8043478260869563]
Centroid2=[55.83458688888888, 133.47863247863253, 262.5042735042735, 145.63247863247867, 1.0299145299145291, 0.7692307692307694]
Centroid3=[52.29516666428572, 129.2, 204.71428571428584, 152.2285714285714, 1.0114285714285713, 0.5357142857142854]
